T2_TRINITY_DN6213_c7_g1_i3	tr|A0A2T7P3F9|A0A2T7P3F9_POMCA	32.353	136	87	3	569	967	21	154	4.36e-20	90.1
T1_TRINITY_DN61405_c0_g1_i2	tr|A0A2T7PWQ7|A0A2T7PWQ7_POMCA	68.539	89	28	0	6	272	173	261	3.59e-37	131
T2_TRINITY_DN541_c3_g1_i2	tr|A0A2T7PPR6|A0A2T7PPR6_POMCA	68.548	248	73	1	143	871	4	251	2.83e-113	336
T1_TRINITY_DN22750_c0_g1_i12	tr|A0A2T7NZW0|A0A2T7NZW0_POMCA	71.239	226	65	0	241	918	1	226	2.07e-115	341
T1_TRINITY_DN14726_c1_g1_i1	tr|A0A2T7NGT0|A0A2T7NGT0_POMCA	63.736	91	29	2	2	268	339	427	1.26e-29	113
T1_TRINITY_DN20596_c1_g1_i2	tr|A0A2T7NAY4|A0A2T7NAY4_POMCA	60.396	101	40	0	2	304	65	165	3.15e-37	128
T2_TRINITY_DN141067_c0_g1_i1	tr|A0A2T7NJX1|A0A2T7NJX1_POMCA	60.909	110	43	0	385	56	19	128	4.88e-44	140
T2_TRINITY_DN59884_c0_g1_i1	tr|A0A2T7Q0J8|A0A2T7Q0J8_POMCA	85.714	77	11	0	297	67	40	116	1.72e-39	138
T1_TRINITY_DN23111_c0_g1_i7	tr|A0A2T7P5K2|A0A2T7P5K2_POMCA	30.382	1965	1131	53	7576	1997	1667	3499	0.0	782
T2_TRINITY_DN75274_c0_g2_i1	tr|A0A2T7PPK4|A0A2T7PPK4_POMCA	68.852	61	16	1	3	185	1382	1439	1.91e-20	82.4
T2_TRINITY_DN13977_c0_g1_i1	tr|A0A2T7NML9|A0A2T7NML9_POMCA	44.444	63	33	2	236	54	8	70	7.20e-11	57.4
T2_TRINITY_DN13977_c0_g1_i6	tr|A0A2T7NML9|A0A2T7NML9_POMCA	44.444	63	33	2	236	54	8	70	2.26e-10	55.5
T1_TRINITY_DN6433_c0_g1_i3	tr|A0A2T7NS11|A0A2T7NS11_POMCA	72.254	173	48	0	1066	548	1	173	1.27e-90	270
T1_TRINITY_DN97506_c0_g1_i2	tr|A0A2T7NHM1|A0A2T7NHM1_POMCA	69.333	75	21	1	88	312	99	171	6.11e-25	95.1
T2_TRINITY_DN66316_c0_g1_i1	tr|A0A2T7PIA5|A0A2T7PIA5_POMCA	54.118	85	39	0	258	4	698	782	4.50e-28	105
T2_TRINITY_DN66316_c0_g1_i2	tr|A0A2T7PIA5|A0A2T7PIA5_POMCA	47.059	68	36	0	207	4	715	782	8.32e-17	73.2
T1_TRINITY_DN59933_c0_g1_i2	tr|A0A2T7PZL1|A0A2T7PZL1_POMCA	79.310	87	18	0	1	261	173	259	4.08e-46	150
T2_TRINITY_DN163203_c0_g2_i1	tr|A0A2T7NHE0|A0A2T7NHE0_POMCA	70.874	103	28	2	357	55	201	303	6.23e-43	147
T1_TRINITY_DN117273_c1_g1_i1	tr|A0A2T7P4I2|A0A2T7P4I2_POMCA	67.470	83	27	0	251	3	1004	1086	3.54e-34	122
T1_TRINITY_DN142834_c1_g1_i1	tr|A0A2T7NR02|A0A2T7NR02_POMCA	46.591	88	38	2	8	253	421	505	7.83e-22	87.4
T1_TRINITY_DN73433_c3_g3_i1	tr|A0A2T7PSE0|A0A2T7PSE0_POMCA	47.826	92	38	1	15	260	14	105	2.70e-20	83.2
