T1_TRINITY_DN65510_c2_g1_i1	tr|A0A8S3UXZ2|A0A8S3UXZ2_MYTED	54.545	66	30	0	6	203	348	413	5.13e-12	60.1
T2_TRINITY_DN6213_c7_g1_i3	tr|A0A8S3UW36|A0A8S3UW36_MYTED	34.228	149	94	3	509	943	30	178	1.30e-21	93.6
T1_TRINITY_DN61405_c0_g1_i2	tr|A0A8S3RWL7|A0A8S3RWL7_MYTED	72.826	92	22	1	6	272	147	238	5.58e-39	137
T2_TRINITY_DN541_c3_g1_i2	tr|A0A8S3VSK3|A0A8S3VSK3_MYTED	75.641	234	53	1	170	871	2	231	5.00e-116	343
T1_TRINITY_DN22750_c0_g1_i12	tr|A0A8S3SC53|A0A8S3SC53_MYTED	70.259	232	69	0	241	936	1	232	2.68e-116	344
T1_TRINITY_DN14726_c1_g1_i1	tr|A0A8S3PV29|A0A8S3PV29_MYTED	68.539	89	28	0	2	268	345	433	6.55e-35	129
T1_TRINITY_DN112627_c0_g1_i5	tr|A0A8S3TT43|A0A8S3TT43_MYTED	32.716	162	88	7	487	17	848	993	4.31e-12	64.7
T1_TRINITY_DN197892_c0_g1_i1	tr|A0A8S3RD45|A0A8S3RD45_MYTED	68.750	48	15	0	573	430	107	154	1.88e-15	71.2
T1_TRINITY_DN20596_c1_g1_i2	tr|A0A8S3RD45|A0A8S3RD45_MYTED	62.162	111	42	0	2	334	44	154	2.82e-45	149
T2_TRINITY_DN141067_c0_g1_i1	tr|A0A8S3T0N7|A0A8S3T0N7_MYTED	57.798	109	46	0	382	56	22	130	1.81e-39	130
T2_TRINITY_DN738_c0_g1_i13	tr|A0A8S3VCW2|A0A8S3VCW2_MYTED	42.045	88	45	3	119	373	73	157	1.43e-11	60.1
T2_TRINITY_DN59884_c0_g1_i1	tr|A0A8S3SJQ9|A0A8S3SJQ9_MYTED	71.429	35	10	0	297	193	76	110	1.46e-10	57.8
T1_TRINITY_DN23111_c0_g1_i7	tr|A0A8S3VFX0|A0A8S3VFX0_MYTED	36.895	1900	1055	39	7576	1997	168	1963	0.0	1171
T1_TRINITY_DN88725_c0_g1_i5	tr|A0A8S3RKR2|A0A8S3RKR2_MYTED	64.167	120	43	0	2	361	28	147	2.44e-53	178
T2_TRINITY_DN75274_c0_g2_i1	tr|A0A8S3Q3Z8|A0A8S3Q3Z8_MYTED	82.979	47	8	0	3	143	411	457	1.03e-19	82.0
T2_TRINITY_DN13977_c0_g1_i1	tr|A0A8S3TL52|A0A8S3TL52_MYTED	55.357	56	23	1	215	54	100	155	2.18e-13	65.5
T2_TRINITY_DN13977_c0_g1_i6	tr|A0A8S3TL52|A0A8S3TL52_MYTED	64.444	45	14	1	182	54	111	155	1.81e-13	65.5
T1_TRINITY_DN6433_c0_g1_i3	tr|A0A8S3V0L4|A0A8S3V0L4_MYTED	72.277	202	56	0	1066	461	1	202	8.05e-105	308
T1_TRINITY_DN97506_c0_g1_i2	tr|A0A8S3UW39|A0A8S3UW39_MYTED	69.412	85	13	1	7	261	1	72	1.12e-31	110
T2_TRINITY_DN43048_c0_g1_i7	tr|A0A8S3TKQ5|A0A8S3TKQ5_MYTED	43.077	65	31	1	213	37	312	376	2.59e-12	61.2
T2_TRINITY_DN66316_c0_g1_i1	tr|A0A8S3RKE4|A0A8S3RKE4_MYTED	56.977	86	36	1	258	4	1245	1330	6.84e-28	105
T2_TRINITY_DN66316_c0_g1_i2	tr|A0A8S3RKE4|A0A8S3RKE4_MYTED	53.731	67	30	1	201	4	1264	1330	4.29e-17	75.5
T1_TRINITY_DN59933_c0_g1_i2	tr|A0A8S3RR91|A0A8S3RR91_MYTED	78.409	88	19	0	1	264	173	260	7.57e-46	150
T2_TRINITY_DN95977_c0_g1_i4	tr|A0A8S3SIZ5|A0A8S3SIZ5_MYTED	38.514	148	76	4	607	194	311	453	4.55e-23	97.8
T2_TRINITY_DN95977_c0_g1_i4	tr|A0A8S3SIZ5|A0A8S3SIZ5_MYTED	38.129	139	79	2	607	200	744	878	4.33e-22	94.7
T2_TRINITY_DN163203_c0_g2_i1	tr|A0A8S3UNN2|A0A8S3UNN2_MYTED	80.198	101	19	1	357	55	207	306	3.90e-48	162
T2_TRINITY_DN197653_c0_g1_i1	tr|A0A8S3TNB4|A0A8S3TNB4_MYTED	84.848	33	5	0	2	100	553	585	3.12e-13	63.5
T2_TRINITY_DN154691_c0_g1_i1	tr|A0A8S3Q8G5|A0A8S3Q8G5_MYTED	44.737	76	34	2	1	225	131	199	1.31e-11	58.9
T1_TRINITY_DN117273_c1_g1_i1	tr|A0A8S3RCH6|A0A8S3RCH6_MYTED	67.470	83	25	1	251	3	1025	1105	9.30e-31	114
T2_TRINITY_DN151032_c1_g1_i1	tr|A0A8S3REE9|A0A8S3REE9_MYTED	51.852	54	26	0	176	15	206	259	9.23e-12	59.3
T1_TRINITY_DN13312_c1_g1_i10	tr|A0A8S3QWS4|A0A8S3QWS4_MYTED	28.638	213	133	8	487	1095	29	232	1.38e-10	62.4
T1_TRINITY_DN61095_c0_g1_i1	tr|A0A8S3QWH4|A0A8S3QWH4_MYTED	66.871	163	48	2	50	538	2	158	8.18e-53	177
T1_TRINITY_DN61095_c0_g1_i2	tr|A0A8S3QWH4|A0A8S3QWH4_MYTED	72.340	94	26	0	50	331	2	95	5.18e-33	121
T1_TRINITY_DN61095_c0_g1_i3	tr|A0A8S3QWH4|A0A8S3QWH4_MYTED	63.095	84	25	2	48	299	81	158	1.51e-20	86.3
T1_TRINITY_DN142834_c1_g1_i1	tr|A0A8S3SEM3|A0A8S3SEM3_MYTED	52.809	89	33	2	5	253	987	1072	3.06e-22	89.7
T1_TRINITY_DN2_c4198_g1_i1	tr|A0A8S3UWC3|A0A8S3UWC3_MYTED	61.842	76	29	0	228	1	293	368	3.06e-26	101
T1_TRINITY_DN73433_c3_g3_i1	tr|A0A8S3UPU3|A0A8S3UPU3_MYTED	69.512	82	25	0	18	263	277	358	1.06e-31	117
