T2_TRINITY_DN6213_c7_g1_i3	tr|A0A210Q4S8|A0A210Q4S8_MIZYE	33.333	129	80	3	569	943	25	151	3.62e-19	84.7
T1_TRINITY_DN61405_c0_g1_i2	tr|A0A210PMZ3|A0A210PMZ3_MIZYE	68.478	92	26	1	6	272	151	242	3.05e-38	134
T2_TRINITY_DN541_c3_g1_i2	tr|A0A210PTL6|A0A210PTL6_MIZYE	72.574	237	63	2	164	871	1	236	1.55e-115	341
T1_TRINITY_DN22750_c0_g1_i12	tr|A0A210PMV5|A0A210PMV5_MIZYE	68.675	249	69	4	205	933	14	259	4.50e-117	346
T1_TRINITY_DN14726_c1_g1_i1	tr|A0A210QHE1|A0A210QHE1_MIZYE	68.539	89	28	0	2	268	342	430	7.91e-36	130
T1_TRINITY_DN112627_c0_g1_i5	tr|A0A210Q4Q4|A0A210Q4Q4_MIZYE	30.435	138	86	4	490	80	889	1017	6.68e-12	62.8
T1_TRINITY_DN197892_c0_g1_i1	tr|A0A210PDP3|A0A210PDP3_MIZYE	66.667	48	16	0	573	430	111	158	1.83e-14	67.4
T1_TRINITY_DN20596_c1_g1_i2	tr|A0A210PDP3|A0A210PDP3_MIZYE	62.162	111	41	1	2	334	49	158	3.32e-40	135
T2_TRINITY_DN141067_c0_g1_i1	tr|A0A210QGY3|A0A210QGY3_MIZYE	59.633	109	44	0	382	56	22	130	4.94e-38	125
T2_TRINITY_DN59884_c0_g1_i1	tr|A0A210PR75|A0A210PR75_MIZYE	84.416	77	12	0	297	67	74	150	4.34e-40	140
T1_TRINITY_DN23111_c0_g1_i7	tr|A0A210Q9V8|A0A210Q9V8_MIZYE	40.140	1856	985	33	7576	2123	3583	5350	0.0	1300
T1_TRINITY_DN88725_c0_g1_i5	tr|A0A210R0I8|A0A210R0I8_MIZYE	64.167	120	43	0	5	364	30	149	1.77e-50	169
T2_TRINITY_DN75274_c0_g2_i1	tr|A0A210Q7X7|A0A210Q7X7_MIZYE	83.721	43	7	0	3	131	1458	1500	1.61e-18	77.0
T2_TRINITY_DN13977_c0_g1_i1	tr|A0A210QXV5|A0A210QXV5_MIZYE	52.632	57	24	2	218	54	9	64	3.88e-12	60.8
T2_TRINITY_DN13977_c0_g1_i6	tr|A0A210QXV5|A0A210QXV5_MIZYE	52.632	57	24	2	218	54	9	64	1.27e-11	58.9
T1_TRINITY_DN6433_c0_g1_i3	tr|A0A210R0L4|A0A210R0L4_MIZYE	75.248	202	50	0	1066	461	1	202	8.18e-113	327
T1_TRINITY_DN97506_c0_g1_i2	tr|A0A210QN06|A0A210QN06_MIZYE	84.375	96	13	1	7	294	1	94	2.09e-51	162
T2_TRINITY_DN66316_c0_g1_i1	tr|A0A210QCX5|A0A210QCX5_MIZYE	54.118	85	39	0	258	4	1349	1433	3.25e-27	102
T2_TRINITY_DN66316_c0_g1_i2	tr|A0A210QCX5|A0A210QCX5_MIZYE	48.485	66	34	0	201	4	1368	1433	1.03e-15	70.1
T1_TRINITY_DN59933_c0_g1_i2	tr|A0A210QV46|A0A210QV46_MIZYE	78.409	88	19	0	1	264	173	260	2.16e-45	148
T2_TRINITY_DN95977_c0_g1_i4	tr|A0A210PTU9|A0A210PTU9_MIZYE	40.714	140	74	3	616	206	317	450	5.70e-24	98.2
T2_TRINITY_DN163203_c0_g2_i1	tr|A0A210Q7L2|A0A210Q7L2_MIZYE	78.218	101	21	1	357	55	25	124	6.70e-49	160
T2_TRINITY_DN197653_c0_g1_i1	tr|A0A210QPX4|A0A210QPX4_MIZYE	78.788	33	7	0	2	100	596	628	3.02e-11	56.6
T2_TRINITY_DN154691_c0_g1_i1	tr|A0A210QGZ3|A0A210QGZ3_MIZYE	38.961	77	42	3	1	225	133	206	3.69e-10	53.5
T1_TRINITY_DN117273_c1_g1_i1	tr|A0A210QFF5|A0A210QFF5_MIZYE	63.855	83	29	1	251	3	1040	1121	1.16e-28	106
T2_TRINITY_DN151032_c1_g1_i1	tr|A0A210PQ50|A0A210PQ50_MIZYE	48.438	64	33	0	206	15	195	258	3.88e-14	64.7
T2_TRINITY_DN9707_c2_g1_i1	tr|A0A210Q1C1|A0A210Q1C1_MIZYE	44.444	63	33	1	516	334	2	64	1.54e-14	65.9
T1_TRINITY_DN61095_c0_g1_i1	tr|A0A210PQ79|A0A210PQ79_MIZYE	65.143	175	55	2	2	526	122	290	9.89e-58	192
T1_TRINITY_DN61095_c0_g1_i2	tr|A0A210PQ79|A0A210PQ79_MIZYE	69.091	110	34	0	2	331	122	231	1.43e-37	134
T1_TRINITY_DN61095_c0_g1_i3	tr|A0A210PQ79|A0A210PQ79_MIZYE	61.250	80	25	2	48	287	217	290	1.70e-20	85.1
T1_TRINITY_DN142834_c1_g1_i1	tr|A0A210PGF3|A0A210PGF3_MIZYE	51.685	89	34	2	5	253	1060	1145	6.69e-22	87.4
T1_TRINITY_DN73433_c3_g3_i1	tr|A0A210R3F4|A0A210R3F4_MIZYE	66.265	83	28	0	15	263	161	243	2.00e-32	118
