T2_TRINITY_DN6213_c7_g1_i3	tr|A0A6P7SHX0|A0A6P7SHX0_OCTVU	26.667	135	96	3	554	955	752	884	2.58e-10	63.9
T2_TRINITY_DN6213_c7_g1_i3	tr|A0A6P7SHX0|A0A6P7SHX0_OCTVU	25.260	289	184	11	140	946	310	586	3.14e-10	63.9
T1_TRINITY_DN61405_c0_g1_i2	tr|A0A6P7U262|A0A6P7U262_OCTVU	67.857	84	27	0	6	257	141	224	3.23e-35	126
T2_TRINITY_DN541_c3_g1_i2	tr|A0A6P7TLL6|A0A6P7TLL6_OCTVU	65.385	234	80	1	170	871	2	234	2.86e-102	308
T1_TRINITY_DN22750_c0_g1_i12	tr|A0A6P7SHS3|A0A6P7SHS3_OCTVU	64.000	250	85	1	187	936	26	270	5.61e-109	327
T1_TRINITY_DN14726_c1_g1_i1	tr|A0A6P7SUK9|A0A6P7SUK9_OCTVU	66.292	89	28	1	2	268	345	431	7.25e-31	117
T1_TRINITY_DN197892_c0_g1_i1	tr|A0A6P7T6I9|A0A6P7T6I9_OCTVU	48.980	49	25	0	573	427	101	149	9.53e-11	58.2
T1_TRINITY_DN20596_c1_g1_i2	tr|A0A6P7T5S9|A0A6P7T5S9_OCTVU	57.658	111	47	0	2	334	44	154	1.29e-41	139
T2_TRINITY_DN141067_c0_g1_i1	tr|A0A6P7SGX8|A0A6P7SGX8_OCTVU	52.885	104	49	0	370	59	25	128	1.55e-34	117
T2_TRINITY_DN59884_c0_g1_i1	tr|A0A6P7T656|A0A6P7T656_OCTVU	88.312	77	9	0	297	67	74	150	6.24e-42	146
T1_TRINITY_DN88725_c0_g1_i5	tr|A0A6P7SKL3|A0A6P7SKL3_OCTVU	47.107	121	64	0	2	364	31	151	1.14e-33	123
T2_TRINITY_DN75274_c0_g2_i1	tr|A0A6P7TI78|A0A6P7TI78_OCTVU	81.132	53	10	0	3	161	1496	1548	1.64e-23	92.0
T1_TRINITY_DN6433_c0_g1_i3	tr|A0A6P7SNW4|A0A6P7SNW4_OCTVU	70.792	202	59	0	1066	461	1	202	1.73e-104	306
T1_TRINITY_DN97506_c0_g1_i2	tr|A0A6P7SSE0|A0A6P7SSE0_OCTVU	80.208	96	17	1	7	294	1	94	2.66e-48	154
T2_TRINITY_DN66316_c0_g1_i1	tr|A0A6P7SJ15|A0A6P7SJ15_OCTVU	37.079	89	50	2	255	4	1366	1453	1.87e-11	58.5
T1_TRINITY_DN59933_c0_g1_i2	tr|A0A6P7TY36|A0A6P7TY36_OCTVU	75.000	88	22	0	1	264	173	260	2.72e-44	145
T2_TRINITY_DN163203_c0_g2_i1	tr|A0A6P7TU96|A0A6P7TU96_OCTVU	70.297	101	29	1	357	55	193	292	1.28e-40	142
T2_TRINITY_DN154691_c0_g1_i1	tr|A0A6P7SIJ9|A0A6P7SIJ9_OCTVU	51.316	76	34	1	1	219	139	214	2.60e-20	81.6
T2_TRINITY_DN354475_c1_g1_i1	tr|Q60HA2|Q60HA2_OCTVU	50.000	64	32	0	13	204	228	291	7.94e-14	64.3
T1_TRINITY_DN61095_c0_g1_i1	tr|A0A6P7T465|A0A6P7T465_OCTVU	60.221	181	68	3	2	541	122	299	4.68e-53	180
T1_TRINITY_DN61095_c0_g1_i2	tr|A0A6P7T465|A0A6P7T465_OCTVU	61.818	110	41	1	2	331	122	230	4.81e-33	121
T1_TRINITY_DN61095_c0_g1_i3	tr|A0A6P7T465|A0A6P7T465_OCTVU	61.628	86	30	2	48	302	216	299	1.81e-21	88.6
T1_TRINITY_DN142834_c1_g1_i1	tr|A0A7E6F1T5|A0A7E6F1T5_OCTVU	54.023	87	32	2	8	253	1065	1148	6.57e-22	88.2
