T1_TRINITY_DN65510_c2_g1_i1	tr|A0A3S0ZWY3|A0A3S0ZWY3_ELYCH	58.824	68	28	0	3	206	366	433	1.41e-14	65.9
T2_TRINITY_DN6213_c7_g1_i3	tr|A0A433TKU8|A0A433TKU8_ELYCH	33.793	145	84	6	548	976	47	181	1.89e-16	80.1
T1_TRINITY_DN61405_c0_g1_i2	tr|A0A3S0ZSY1|A0A3S0ZSY1_ELYCH	62.791	86	31	1	6	260	139	224	2.14e-29	108
T2_TRINITY_DN541_c3_g1_i2	tr|A0A3S1ADM1|A0A3S1ADM1_ELYCH	59.926	272	71	2	170	871	2	273	1.94e-102	309
T1_TRINITY_DN22750_c0_g1_i12	tr|A0A433SWE5|A0A433SWE5_ELYCH	67.755	245	79	0	202	936	23	267	1.77e-118	350
T1_TRINITY_DN14726_c1_g1_i1	tr|A0A3S0ZTG5|A0A3S0ZTG5_ELYCH	70.787	89	26	0	2	268	344	432	1.84e-36	132
T1_TRINITY_DN197892_c0_g1_i1	tr|A0A3S0ZKT8|A0A3S0ZKT8_ELYCH	58.333	48	20	0	573	430	109	156	1.20e-13	65.1
T1_TRINITY_DN20596_c1_g1_i2	tr|A0A3S0ZKT8|A0A3S0ZKT8_ELYCH	55.856	111	49	0	2	334	46	156	4.61e-40	134
T2_TRINITY_DN141067_c0_g1_i1	tr|A0A3S1BMC1|A0A3S1BMC1_ELYCH	60.909	110	43	0	385	56	19	128	1.37e-42	137
T2_TRINITY_DN59884_c0_g1_i1	tr|A0A3S0ZXB4|A0A3S0ZXB4_ELYCH	88.312	77	9	0	297	67	76	152	3.79e-42	145
T1_TRINITY_DN88725_c0_g1_i5	tr|A0A3S1BLG8|A0A3S1BLG8_ELYCH	55.833	120	52	1	5	361	36	155	1.44e-42	147
T1_TRINITY_DN6433_c0_g1_i3	tr|A0A3S1C5X5|A0A3S1C5X5_ELYCH	66.832	202	67	0	1066	461	1	202	1.26e-97	288
T1_TRINITY_DN97506_c0_g1_i2	tr|A0A433TPY1|A0A433TPY1_ELYCH	85.417	96	12	1	7	294	1	94	3.43e-51	161
T2_TRINITY_DN66316_c0_g1_i1	tr|A0A3S1I215|A0A3S1I215_ELYCH	51.163	86	42	0	258	1	2010	2095	2.50e-24	94.4
T2_TRINITY_DN66316_c0_g1_i2	tr|A0A3S1I215|A0A3S1I215_ELYCH	44.776	67	37	0	201	1	2029	2095	5.27e-13	62.4
T1_TRINITY_DN59933_c0_g1_i2	tr|A0A433U7B0|A0A433U7B0_ELYCH	70.115	87	26	0	1	261	173	259	2.15e-42	140
T2_TRINITY_DN163203_c0_g2_i1	tr|A0A3S1B699|A0A3S1B699_ELYCH	72.549	102	27	1	357	55	170	271	2.37e-41	142
T2_TRINITY_DN154691_c0_g1_i1	tr|A0A3S0ZA61|A0A3S0ZA61_ELYCH	43.243	74	38	1	1	210	131	204	5.39e-12	58.5
T1_TRINITY_DN117273_c1_g1_i1	tr|A0A3S0ZXG6|A0A3S0ZXG6_ELYCH	63.855	83	30	0	251	3	1060	1142	1.82e-32	117
T1_TRINITY_DN142834_c1_g1_i1	tr|A0A433SUJ6|A0A433SUJ6_ELYCH	47.727	88	37	2	8	253	136	220	5.26e-21	84.7
T1_TRINITY_DN73433_c3_g3_i1	tr|A0A3S0ZGF6|A0A3S0ZGF6_ELYCH	41.096	73	42	1	45	260	13	85	6.34e-11	56.6
