T1_TRINITY_DN65510_c2_g1_i1	tr|A0A7M7PBE8|A0A7M7PBE8_STRPU	64.179	67	24	0	6	206	1307	1373	1.83e-16	72.0
T2_TRINITY_DN6213_c7_g1_i3	tr|A0A7M7NGS3|A0A7M7NGS3_STRPU	32.558	129	84	2	563	943	22	149	4.00e-18	86.3
T1_TRINITY_DN61405_c0_g1_i2	tr|A0A7M7NDJ8|A0A7M7NDJ8_STRPU	39.326	89	54	0	3	269	192	280	2.03e-18	79.0
T2_TRINITY_DN541_c3_g1_i2	tr|A0A7M7NYF7|A0A7M7NYF7_STRPU	65.254	236	78	1	173	868	2	237	1.82e-103	311
T1_TRINITY_DN22750_c0_g1_i12	tr|A0A7M7NCE1|A0A7M7NCE1_STRPU	69.130	230	67	2	232	918	66	292	1.08e-108	327
T1_TRINITY_DN14726_c1_g1_i1	tr|A0A7M7RB25|A0A7M7RB25_STRPU	62.921	89	33	0	2	268	343	431	1.11e-29	114
T1_TRINITY_DN20596_c1_g1_i2	tr|A0A7M7GLB8|A0A7M7GLB8_STRPU	40.000	105	58	3	2	313	43	143	2.16e-14	68.6
T2_TRINITY_DN141067_c0_g1_i1	tr|A0A7M7HDN8|A0A7M7HDN8_STRPU	52.381	105	50	0	370	56	27	131	1.82e-34	117
T2_TRINITY_DN59884_c0_g1_i1	tr|A0A7M7NQS4|A0A7M7NQS4_STRPU	88.312	77	9	0	297	67	86	162	2.53e-41	144
T1_TRINITY_DN88725_c0_g1_i5	tr|A0A7M7PD27|A0A7M7PD27_STRPU	46.667	120	64	0	5	364	39	158	9.69e-36	129
T2_TRINITY_DN75274_c0_g2_i1	tr|A0A7M7SZF1|A0A7M7SZF1_STRPU	77.419	31	7	0	3	95	1534	1564	1.75e-10	55.5
T1_TRINITY_DN119035_c0_g1_i5	tr|A0A7M7RE93|A0A7M7RE93_STRPU	33.945	109	53	4	329	12	1041	1133	4.18e-10	56.6
T1_TRINITY_DN6433_c0_g1_i3	tr|A0A7M7RFL4|A0A7M7RFL4_STRPU	56.716	201	87	0	1066	464	1	201	7.34e-86	259
T1_TRINITY_DN97506_c0_g1_i2	tr|A0A7M7HP91|A0A7M7HP91_STRPU	80.208	96	17	1	7	294	1	94	3.09e-49	157
T2_TRINITY_DN66316_c0_g1_i1	tr|A0A7M7NIU1|A0A7M7NIU1_STRPU	38.272	81	42	2	246	4	1748	1820	1.45e-12	62.0
T1_TRINITY_DN59933_c0_g1_i2	tr|A0A7M7NEX7|A0A7M7NEX7_STRPU	45.977	87	44	2	1	255	173	258	7.84e-20	82.8
T2_TRINITY_DN163203_c0_g2_i1	tr|A0A7M7G095|A0A7M7G095_STRPU	65.347	101	34	1	357	55	260	359	3.27e-38	136
T1_TRINITY_DN117273_c1_g1_i1	tr|A0A7M7PG62|A0A7M7PG62_STRPU	60.494	81	32	0	251	9	1063	1143	8.62e-28	105
T2_TRINITY_DN354475_c1_g1_i1	sp|P15547|CYB_STRPU	53.846	65	30	0	10	204	227	291	3.60e-15	68.6
T1_TRINITY_DN61095_c0_g1_i1	tr|A0A7M7MZ17|A0A7M7MZ17_STRPU	43.478	161	88	1	59	541	162	319	2.77e-20	88.6
T1_TRINITY_DN61095_c0_g1_i2	tr|A0A7M7MZ17|A0A7M7MZ17_STRPU	48.810	84	43	0	80	331	169	252	3.78e-14	68.2
T1_TRINITY_DN142834_c1_g1_i1	tr|A0A7M7PIC6|A0A7M7PIC6_STRPU	44.186	86	39	2	11	250	1353	1435	2.39e-18	78.6
T1_TRINITY_DN142834_c1_g1_i1	tr|A0A7M7PIC6|A0A7M7PIC6_STRPU	40.000	80	39	2	29	250	1650	1726	8.22e-13	62.8
T1_TRINITY_DN2_c4198_g1_i1	tr|A0A7M7HQ61|A0A7M7HQ61_STRPU	52.632	76	36	0	228	1	300	375	1.04e-21	87.8
T1_TRINITY_DN73433_c3_g3_i1	tr|A0A7M7T5Q8|A0A7M7T5Q8_STRPU	61.728	81	31	0	18	260	26	106	1.61e-28	107
