T1_TRINITY_DN65510_c2_g1_i1	tr|A0A8W8M333|A0A8W8M333_MAGGI	58.209	67	28	0	3	203	212	278	5.03e-13	62.4
T2_TRINITY_DN6213_c7_g1_i3	tr|A0A8W8P255|A0A8W8P255_MAGGI	34.109	129	79	4	569	946	23	148	2.46e-22	94.4
T1_TRINITY_DN61405_c0_g1_i2	tr|A0A8W8P6Z7|A0A8W8P6Z7_MAGGI	65.882	85	29	0	6	260	152	236	5.54e-36	128
T2_TRINITY_DN541_c3_g1_i2	tr|A0A8W8JRC9|A0A8W8JRC9_MAGGI	75.214	234	57	1	170	871	2	234	4.23e-120	353
T1_TRINITY_DN22750_c0_g1_i12	tr|A0A8W8I7R6|A0A8W8I7R6_MAGGI	71.552	232	66	0	226	921	18	249	1.19e-112	336
T1_TRINITY_DN14726_c1_g1_i1	tr|A0A8W8K3S0|A0A8W8K3S0_MAGGI	70.787	89	26	0	2	268	3	91	9.79e-40	132
T1_TRINITY_DN112627_c0_g1_i5	tr|A0A8W8MIS0|A0A8W8MIS0_MAGGI	33.117	154	92	5	487	29	814	957	2.60e-21	90.9
T1_TRINITY_DN197892_c0_g1_i1	tr|A0A8W8INH5|A0A8W8INH5_MAGGI	70.833	48	14	0	573	430	47	94	7.22e-17	73.2
T1_TRINITY_DN20596_c1_g1_i2	tr|A0A8W8IMT5|A0A8W8IMT5_MAGGI	64.865	111	39	0	2	334	23	133	6.25e-46	149
T2_TRINITY_DN141067_c0_g1_i1	tr|A0A8W8JWV6|A0A8W8JWV6_MAGGI	63.810	105	38	0	370	56	11	115	2.74e-43	139
T2_TRINITY_DN59884_c0_g1_i1	tr|A0A8W8JSN8|A0A8W8JSN8_MAGGI	84.416	77	12	0	297	67	74	150	2.81e-40	141
T1_TRINITY_DN23111_c0_g1_i7	tr|A0A8W8JFP0|A0A8W8JFP0_MAGGI	38.722	1893	1046	34	7576	2006	3857	5671	0.0	1320
T1_TRINITY_DN88725_c0_g1_i5	tr|A0A8W8NB88|A0A8W8NB88_MAGGI	70.000	120	36	0	2	361	22	141	4.14e-53	177
T2_TRINITY_DN75274_c0_g2_i1	tr|A0A8W8JNA1|A0A8W8JNA1_MAGGI	61.429	70	23	1	3	200	1773	1842	1.19e-18	78.6
T1_TRINITY_DN119035_c0_g1_i5	tr|A0A8W8L3D6|A0A8W8L3D6_MAGGI	39.785	93	41	2	299	21	936	1013	1.10e-16	75.5
T2_TRINITY_DN13977_c0_g1_i1	tr|A0A8W8KJN5|A0A8W8KJN5_MAGGI	65.909	44	13	1	179	54	7	50	1.03e-13	66.6
T2_TRINITY_DN13977_c0_g1_i6	tr|A0A8W8KDH9|A0A8W8KDH9_MAGGI	55.172	58	21	2	179	12	7	61	6.89e-13	63.5
T1_TRINITY_DN6433_c0_g1_i3	tr|A0A8W8MFA3|A0A8W8MFA3_MAGGI	73.558	208	55	0	1084	461	2	209	1.18e-109	320
T1_TRINITY_DN97506_c0_g1_i2	tr|A0A8W8JYP9|A0A8W8JYP9_MAGGI	81.373	102	17	1	7	312	1	100	1.72e-51	162
T2_TRINITY_DN43048_c0_g1_i7	tr|A0A8W8KTI2|A0A8W8KTI2_MAGGI	38.710	62	38	0	213	28	107	168	6.38e-13	62.4
T2_TRINITY_DN81960_c0_g1_i1	tr|A0A8W8M211|A0A8W8M211_MAGGI	43.373	83	38	2	255	34	181	263	7.68e-12	62.4
T2_TRINITY_DN66316_c0_g1_i1	tr|A0A8W8K3P3|A0A8W8K3P3_MAGGI	51.190	84	39	1	252	1	1227	1308	5.93e-23	91.7
T2_TRINITY_DN66316_c0_g1_i2	tr|A0A8W8K3P3|A0A8W8K3P3_MAGGI	47.761	67	33	1	201	1	1244	1308	1.20e-14	68.2
T1_TRINITY_DN59933_c0_g1_i2	tr|A0A8W8ICD9|A0A8W8ICD9_MAGGI	82.955	88	15	0	1	264	100	187	2.14e-50	159
T2_TRINITY_DN95977_c0_g1_i4	tr|A0A8W8M9M6|A0A8W8M9M6_MAGGI	36.620	142	81	3	616	206	128	265	9.28e-22	91.3
T2_TRINITY_DN163203_c0_g2_i1	tr|A0A8W8JR09|A0A8W8JR09_MAGGI	80.198	101	19	1	357	55	156	255	2.84e-49	164
T2_TRINITY_DN197653_c0_g1_i1	tr|A0A8W8IYC9|A0A8W8IYC9_MAGGI	84.848	33	5	0	2	100	588	620	1.21e-13	64.3
T2_TRINITY_DN154691_c0_g1_i1	tr|A0A8W8JTL1|A0A8W8JTL1_MAGGI	40.000	75	35	2	1	222	132	197	6.59e-11	56.6
T1_TRINITY_DN117273_c1_g1_i1	tr|A0A8W8JII7|A0A8W8JII7_MAGGI	65.060	83	28	1	251	3	1038	1119	5.31e-30	111
T2_TRINITY_DN151032_c1_g1_i1	tr|A0A8W8HRB9|A0A8W8HRB9_MAGGI	44.615	65	34	1	203	15	213	277	1.56e-11	58.2
T1_TRINITY_DN13312_c1_g1_i10	tr|A0A8W8HPL0|A0A8W8HPL0_MAGGI	33.043	115	74	2	742	1083	143	255	1.19e-10	62.8
T2_TRINITY_DN9707_c2_g1_i1	tr|A0A8W8LVD8|A0A8W8LVD8_MAGGI	59.459	37	15	0	516	406	2	38	1.66e-10	56.6
T1_TRINITY_DN61095_c0_g1_i1	tr|A0A8W8NS73|A0A8W8NS73_MAGGI	62.778	180	61	2	2	541	122	295	5.43e-56	188
T1_TRINITY_DN61095_c0_g1_i2	tr|A0A8W8NS73|A0A8W8NS73_MAGGI	63.636	110	40	0	2	331	122	231	9.80e-36	129
T1_TRINITY_DN61095_c0_g1_i3	tr|A0A8W8NS73|A0A8W8NS73_MAGGI	64.706	85	24	2	48	302	217	295	1.86e-21	88.6
T1_TRINITY_DN142834_c1_g1_i1	tr|A0A8W8NQJ0|A0A8W8NQJ0_MAGGI	54.545	88	31	2	8	253	528	612	1.18e-25	99.4
T1_TRINITY_DN2_c4198_g1_i1	tr|A0A8W8MDK2|A0A8W8MDK2_MAGGI	58.904	73	30	0	219	1	11	83	8.53e-23	88.6
T1_TRINITY_DN73433_c3_g3_i1	tr|A0A8W8LH61|A0A8W8LH61_MAGGI	70.732	82	24	0	18	263	72	153	2.26e-35	127
