T2_TRINITY_DN6213_c7_g1_i3	tr|A0A8J5TNE6|A0A8J5TNE6_HOMAM	33.898	118	58	4	632	949	40	149	4.23e-13	66.6
T1_TRINITY_DN61405_c0_g1_i2	tr|A0A8J5MPG1|A0A8J5MPG1_HOMAM	60.714	84	33	0	3	254	587	670	1.09e-32	118
T2_TRINITY_DN541_c3_g1_i2	tr|A0A8J5JGB6|A0A8J5JGB6_HOMAM	67.105	228	73	2	191	871	7	233	2.97e-102	307
T1_TRINITY_DN22750_c0_g1_i12	tr|A0A8J5J9B6|A0A8J5J9B6_HOMAM	59.751	241	93	2	196	918	10	246	2.19e-90	281
T1_TRINITY_DN14726_c1_g1_i1	tr|A0A8J5JJ78|A0A8J5JJ78_HOMAM	67.416	89	29	0	2	268	297	385	1.01e-33	124
T1_TRINITY_DN20596_c1_g1_i2	tr|A0A8J5NB26|A0A8J5NB26_HOMAM	37.615	109	68	0	2	328	130	238	3.50e-15	71.6
T2_TRINITY_DN141067_c0_g1_i1	tr|A0A8J5JJM9|A0A8J5JJM9_HOMAM	42.308	104	60	0	370	59	43	146	8.11e-24	89.7
T2_TRINITY_DN59884_c0_g1_i1	tr|A0A8J5N8F4|A0A8J5N8F4_HOMAM	81.818	77	14	0	297	67	78	154	3.02e-41	133
T1_TRINITY_DN88725_c0_g1_i5	tr|A0A8J5JYR2|A0A8J5JYR2_HOMAM	50.000	120	60	0	5	364	31	150	2.98e-37	132
T1_TRINITY_DN6433_c0_g1_i3	tr|A0A8J5JH36|A0A8J5JH36_HOMAM	54.974	191	64	2	1066	494	1	169	2.09e-69	218
T1_TRINITY_DN97506_c0_g1_i2	tr|A0A8J5JPR5|A0A8J5JPR5_HOMAM	74.490	98	23	1	19	312	6	101	2.20e-37	125
T2_TRINITY_DN66316_c0_g1_i1	tr|A0A8J5JTB9|A0A8J5JTB9_HOMAM	41.463	82	48	0	255	10	741	822	2.18e-18	77.4
T2_TRINITY_DN66316_c0_g1_i2	tr|A0A8J5JTB9|A0A8J5JTB9_HOMAM	41.538	65	38	0	204	10	758	822	7.82e-14	64.7
T1_TRINITY_DN59933_c0_g1_i2	tr|A0A8J5NAM5|A0A8J5NAM5_HOMAM	64.368	87	31	0	1	261	173	259	2.68e-36	124
T2_TRINITY_DN163203_c0_g2_i1	tr|A0A8J5MTW8|A0A8J5MTW8_HOMAM	65.347	101	35	0	357	55	229	329	7.43e-42	144
T1_TRINITY_DN61095_c0_g1_i1	tr|A0A8J5JK14|A0A8J5JK14_HOMAM	41.558	154	64	4	89	541	61	191	3.41e-17	78.2
T1_TRINITY_DN61095_c0_g1_i2	tr|A0A8J5JK14|A0A8J5JK14_HOMAM	46.988	83	44	0	89	337	61	143	5.61e-12	60.8
T1_TRINITY_DN142834_c1_g1_i1	tr|A0A8J5IYZ4|A0A8J5IYZ4_HOMAM	46.512	86	39	1	11	247	282	367	1.22e-17	75.1
T1_TRINITY_DN73433_c3_g3_i1	tr|A0A8J5N0M3|A0A8J5N0M3_HOMAM	38.667	75	46	0	36	260	83	157	4.71e-15	68.2
