T1_TRINITY_DN65510_c2_g1_i1	tr|A0AA88YU64|A0AA88YU64_PINIB	61.194	67	26	0	3	203	9	75	4.01e-16	67.8
T2_TRINITY_DN6213_c7_g1_i3	tr|A0AA89C4W6|A0AA89C4W6_PINIB	33.945	109	71	1	623	949	92	199	7.43e-17	79.3
T1_TRINITY_DN61405_c0_g1_i2	tr|A0AA88XX35|A0AA88XX35_PINIB	72.727	88	24	0	6	269	155	242	5.89e-37	130
T2_TRINITY_DN541_c3_g1_i2	tr|A0AA88Y4Q3|A0AA88Y4Q3_PINIB	75.847	236	52	2	170	871	2	234	1.57e-119	351
T1_TRINITY_DN22750_c0_g1_i12	tr|A0AA89BVX5|A0AA89BVX5_PINIB	77.778	198	44	0	334	927	1	198	2.85e-107	319
T1_TRINITY_DN14726_c1_g1_i1	tr|A0AA88XM52|A0AA88XM52_PINIB	66.292	89	30	0	2	268	346	434	4.33e-34	125
T1_TRINITY_DN112627_c0_g1_i5	tr|A0AA89BMS0|A0AA89BMS0_PINIB	28.947	152	98	4	484	32	468	610	2.23e-14	70.1
T1_TRINITY_DN197892_c0_g1_i1	tr|A0AA88Y814|A0AA88Y814_PINIB	70.833	48	14	0	573	430	158	205	1.14e-14	69.3
T1_TRINITY_DN20596_c1_g1_i2	tr|A0AA88Y814|A0AA88Y814_PINIB	64.865	111	39	0	2	334	95	205	1.58e-43	145
T2_TRINITY_DN141067_c0_g1_i1	tr|A0AA89BLZ7|A0AA89BLZ7_PINIB	55.046	109	49	0	382	56	53	161	2.61e-38	127
T2_TRINITY_DN59884_c0_g1_i1	tr|A0AA88XS14|A0AA88XS14_PINIB	81.818	77	14	0	297	67	1038	1114	8.83e-39	137
T1_TRINITY_DN23111_c0_g1_i7	tr|A0AA88Y7C2|A0AA88Y7C2_PINIB	40.895	1900	1006	35	7576	2012	2588	4415	0.0	1404
T1_TRINITY_DN88725_c0_g1_i5	tr|A0AA88YRN2|A0AA88YRN2_PINIB	67.769	121	38	1	2	364	29	148	1.24e-51	172
T2_TRINITY_DN75274_c0_g2_i1	tr|A0AA88XN42|A0AA88XN42_PINIB	65.000	60	16	2	3	167	1469	1528	5.66e-17	72.8
T1_TRINITY_DN119035_c0_g1_i5	tr|A0AA89BMS0|A0AA89BMS0_PINIB	36.559	93	45	2	299	21	554	632	1.64e-11	60.1
T1_TRINITY_DN6433_c0_g1_i3	tr|A0AA88YM68|A0AA88YM68_PINIB	31.746	189	115	3	1054	494	5	181	3.16e-31	116
T1_TRINITY_DN97506_c0_g1_i2	tr|A0AA88XI41|A0AA88XI41_PINIB	82.353	102	16	1	7	312	1	100	9.04e-52	162
T2_TRINITY_DN43048_c0_g1_i7	tr|A0AA88XSB6|A0AA88XSB6_PINIB	37.313	67	39	1	231	40	521	587	1.57e-10	55.1
T2_TRINITY_DN66316_c0_g1_i1	tr|A0AA89BQK8|A0AA89BQK8_PINIB	47.619	84	43	1	252	1	1239	1321	1.80e-21	86.7
T2_TRINITY_DN66316_c0_g1_i2	tr|A0AA89BQK8|A0AA89BQK8_PINIB	43.284	67	37	1	201	1	1256	1321	2.98e-12	60.5
T1_TRINITY_DN59933_c0_g1_i2	tr|A0AA88XWM1|A0AA88XWM1_PINIB	81.818	88	16	0	1	264	173	260	3.36e-49	158
T2_TRINITY_DN95977_c0_g1_i4	tr|A0AA88YII6|A0AA88YII6_PINIB	35.659	129	76	2	607	230	336	460	1.54e-19	85.9
T2_TRINITY_DN163203_c0_g2_i1	tr|A0AA88XIF3|A0AA88XIF3_PINIB	74.490	98	24	1	357	64	25	121	1.10e-43	145
T2_TRINITY_DN154691_c0_g1_i1	tr|A0AA88XJM3|A0AA88XJM3_PINIB	49.315	73	34	2	1	210	127	199	2.11e-17	73.6
T1_TRINITY_DN117273_c1_g1_i1	tr|A0AA89BWN7|A0AA89BWN7_PINIB	69.512	82	24	1	251	6	1048	1128	2.84e-33	120
T2_TRINITY_DN151032_c1_g1_i1	tr|A0AA88Y3M3|A0AA88Y3M3_PINIB	50.000	54	27	0	176	15	219	272	1.81e-12	60.1
T1_TRINITY_DN13312_c1_g1_i10	tr|A0AA89C345|A0AA89C345_PINIB	38.655	119	68	3	736	1086	296	411	1.34e-13	72.0
T1_TRINITY_DN61095_c0_g1_i1	tr|A0AA88Y010|A0AA88Y010_PINIB	53.333	180	54	3	2	541	122	271	1.91e-47	164
T1_TRINITY_DN61095_c0_g1_i2	tr|A0AA88Y010|A0AA88Y010_PINIB	49.091	110	32	1	2	331	122	207	6.28e-28	106
T1_TRINITY_DN61095_c0_g1_i3	tr|A0AA88Y010|A0AA88Y010_PINIB	64.286	84	24	2	48	299	193	270	2.07e-21	87.8
T1_TRINITY_DN142834_c1_g1_i1	tr|A0AA89BT01|A0AA89BT01_PINIB	46.067	89	37	2	11	253	1127	1212	3.32e-21	85.9
T1_TRINITY_DN2_c4198_g1_i1	tr|A0AA89C4H6|A0AA89C4H6_PINIB	44.928	69	38	0	213	7	34	102	4.49e-14	65.5
T1_TRINITY_DN73433_c3_g3_i1	tr|A0AA88Y7A9|A0AA88Y7A9_PINIB	64.634	82	29	0	18	263	278	359	1.17e-23	93.2
