T1_TRINITY_DN65510_c2_g1_i1	tr|A0A8B8AAP1|A0A8B8AAP1_CRAVI	55.224	67	30	0	3	203	1285	1351	1.74e-13	64.3
T2_TRINITY_DN6213_c7_g1_i3	tr|A0A8B8DUS9|A0A8B8DUS9_CRAVI	33.333	138	91	1	560	970	18	155	6.73e-20	87.8
T1_TRINITY_DN61405_c0_g1_i2	tr|A0A8B8CQ12|A0A8B8CQ12_CRAVI	64.706	85	30	0	6	260	155	239	4.58e-35	126
T2_TRINITY_DN541_c3_g1_i2	tr|A0A8B8EXV0|A0A8B8EXV0_CRAVI	75.214	234	57	1	170	871	2	234	1.23e-119	353
T1_TRINITY_DN22750_c0_g1_i12	tr|A0A8B8E2U2|A0A8B8E2U2_CRAVI	69.547	243	73	1	202	930	11	252	2.19e-113	338
T1_TRINITY_DN14726_c1_g1_i1	tr|A0A8B8ELB5|A0A8B8ELB5_CRAVI	71.910	89	25	0	2	268	345	433	3.36e-36	132
T1_TRINITY_DN112627_c0_g1_i5	tr|A0A8B8DBP0|A0A8B8DBP0_CRAVI	30.323	155	98	4	499	38	407	552	4.06e-18	82.0
T1_TRINITY_DN197892_c0_g1_i1	tr|A0A8B8ERX0|A0A8B8ERX0_CRAVI	68.750	48	15	0	573	430	107	154	2.26e-15	71.2
T1_TRINITY_DN20596_c1_g1_i2	tr|A0A8B8ERX0|A0A8B8ERX0_CRAVI	63.964	111	40	0	2	334	44	154	8.99e-45	147
T2_TRINITY_DN141067_c0_g1_i1	tr|A0A8B8ERV2|A0A8B8ERV2_CRAVI	63.810	105	38	0	370	56	26	130	2.00e-41	135
T2_TRINITY_DN59884_c0_g1_i1	tr|A0A8B8CSK2|A0A8B8CSK2_CRAVI	85.714	77	11	0	297	67	74	150	2.05e-40	142
T1_TRINITY_DN23111_c0_g1_i7	tr|A0A8B8AS56|A0A8B8AS56_CRAVI	39.372	1783	979	28	7576	2297	3863	5566	0.0	1310
T1_TRINITY_DN88725_c0_g1_i5	tr|A0A8B8BCJ4|A0A8B8BCJ4_CRAVI	66.116	121	41	0	2	364	32	152	8.92e-52	174
T2_TRINITY_DN75274_c0_g2_i1	tr|A0A8B8ER17|A0A8B8ER17_CRAVI	71.930	57	12	1	3	161	1457	1513	1.17e-18	79.0
T1_TRINITY_DN119035_c0_g1_i5	tr|A0A8B8DBP0|A0A8B8DBP0_CRAVI	34.783	92	45	2	296	21	499	575	8.67e-16	73.2
T2_TRINITY_DN13977_c0_g1_i1	tr|A0A8B8EUC9|A0A8B8EUC9_CRAVI	63.636	44	14	1	179	54	14	57	3.08e-13	65.5
T2_TRINITY_DN13977_c0_g1_i6	tr|A0A8B8EUC9|A0A8B8EUC9_CRAVI	55.556	54	19	2	167	12	18	68	2.16e-12	62.8
T1_TRINITY_DN6433_c0_g1_i3	tr|A0A8B8CDA1|A0A8B8CDA1_CRAVI	74.752	202	51	0	1066	461	1	202	1.90e-106	311
T1_TRINITY_DN97506_c0_g1_i2	tr|A0A8B8EC77|A0A8B8EC77_CRAVI	81.373	102	17	1	7	312	1	100	2.72e-51	162
T2_TRINITY_DN43048_c0_g1_i7	tr|A0A8B8EUC9|A0A8B8EUC9_CRAVI	37.500	72	40	1	231	31	543	614	2.87e-11	58.2
T2_TRINITY_DN66316_c0_g1_i1	tr|A0A8B8E916|A0A8B8E916_CRAVI	51.190	84	39	2	252	1	1210	1291	2.08e-22	90.5
T2_TRINITY_DN66316_c0_g1_i2	tr|A0A8B8E916|A0A8B8E916_CRAVI	47.761	67	33	2	201	1	1227	1291	4.39e-14	67.0
T1_TRINITY_DN59933_c0_g1_i2	tr|A0A8B8CNC6|A0A8B8CNC6_CRAVI	81.818	88	16	0	1	264	173	260	2.02e-48	157
T2_TRINITY_DN95977_c0_g1_i4	tr|A0A8B8BDK9|A0A8B8BDK9_CRAVI	37.405	131	81	1	616	224	108	237	2.17e-23	94.7
T2_TRINITY_DN163203_c0_g2_i1	tr|A0A8B8ENC4|A0A8B8ENC4_CRAVI	80.198	101	19	1	357	55	184	283	5.26e-49	164
T2_TRINITY_DN197653_c0_g1_i1	tr|A0A8B8EK32|A0A8B8EK32_CRAVI	81.818	33	6	0	2	100	588	620	4.56e-13	63.2
T1_TRINITY_DN117273_c1_g1_i1	tr|A0A8B8A9B9|A0A8B8A9B9_CRAVI	66.265	83	27	1	251	3	1038	1119	2.97e-30	112
T2_TRINITY_DN151032_c1_g1_i1	tr|A0A8B8BL74|A0A8B8BL74_CRAVI	42.857	49	28	0	161	15	229	277	2.84e-10	55.1
T2_TRINITY_DN9707_c2_g1_i1	tr|A0A8B8B5A5|A0A8B8B5A5_CRAVI	45.161	62	32	1	516	331	2	61	1.67e-11	58.9
T1_TRINITY_DN61095_c0_g1_i1	tr|A0A8B8BVS4|A0A8B8BVS4_CRAVI	61.667	180	63	2	2	541	122	295	1.06e-55	187
T1_TRINITY_DN61095_c0_g1_i2	tr|A0A8B8BVS4|A0A8B8BVS4_CRAVI	63.636	110	40	0	2	331	122	231	2.70e-35	128
T1_TRINITY_DN61095_c0_g1_i3	tr|A0A8B8BVS4|A0A8B8BVS4_CRAVI	63.529	85	25	2	48	302	217	295	3.67e-22	91.3
T1_TRINITY_DN142834_c1_g1_i1	tr|A0A8B8CNL7|A0A8B8CNL7_CRAVI	55.682	88	30	2	8	253	523	607	1.16e-24	96.7
T1_TRINITY_DN2_c4198_g1_i1	tr|A0A8B8B686|A0A8B8B686_CRAVI	44.286	70	39	0	213	4	261	330	7.99e-12	60.1
T1_TRINITY_DN73433_c3_g3_i1	tr|A0A8B8BDF8|A0A8B8BDF8_CRAVI	67.073	82	27	0	18	263	77	158	1.17e-32	117
