T1_TRINITY_DN65510_c2_g1_i1	tr|A0A1S3H977|A0A1S3H977_LINUN	58.209	67	28	0	6	206	1275	1341	7.84e-14	64.7
T2_TRINITY_DN6213_c7_g1_i3	tr|A0A2R2MIM6|A0A2R2MIM6_LINUN	29.530	149	102	3	509	949	61	208	8.00e-18	82.8
T1_TRINITY_DN61405_c0_g1_i2	tr|A0A1S3HFH3|A0A1S3HFH3_LINUN	58.427	89	37	0	3	269	152	240	3.79e-32	117
T2_TRINITY_DN541_c3_g1_i2	tr|A0A1S3I7Z9|A0A1S3I7Z9_LINUN	68.163	245	69	2	164	871	1	245	4.47e-111	331
T1_TRINITY_DN22750_c0_g1_i12	tr|A0A1S3IUI6|A0A1S3IUI6_LINUN	63.241	253	92	1	181	936	9	261	8.71e-109	326
T1_TRINITY_DN14726_c1_g1_i1	tr|A0A1S3IW04|A0A1S3IW04_LINUN	67.416	89	29	0	2	268	346	434	1.58e-34	127
T1_TRINITY_DN197892_c0_g1_i1	tr|A0A1S3IUR0|A0A1S3IUR0_LINUN	52.083	48	23	0	573	430	107	154	6.23e-11	58.5
T1_TRINITY_DN20596_c1_g1_i2	tr|A0A1S3IUR0|A0A1S3IUR0_LINUN	56.250	112	49	0	2	337	44	155	5.86e-40	135
T2_TRINITY_DN141067_c0_g1_i1	tr|A0A1S3HY85|A0A1S3HY85_LINUN	58.716	109	45	0	382	56	33	141	4.87e-39	129
T2_TRINITY_DN59884_c0_g1_i1	tr|A0A1S3JL73|A0A1S3JL73_LINUN	85.714	77	11	0	297	67	77	153	2.49e-41	144
T1_TRINITY_DN23111_c0_g1_i7	tr|A0A1S3H2L9|A0A1S3H2L9_LINUN	32.615	1950	1151	49	7576	2021	245	2129	0.0	986
T1_TRINITY_DN88725_c0_g1_i5	tr|A0A1S3H3J2|A0A1S3H3J2_LINUN	57.500	120	51	0	5	364	32	151	1.60e-43	150
T2_TRINITY_DN75274_c0_g2_i1	tr|A0A2R2MRS4|A0A2R2MRS4_LINUN	69.811	53	16	0	3	161	1106	1158	1.98e-19	80.5
T2_TRINITY_DN13977_c0_g1_i1	tr|A0A1S3HYT4|A0A1S3HYT4_LINUN	58.974	39	14	1	164	54	43	81	4.40e-10	55.8
T2_TRINITY_DN13977_c0_g1_i6	tr|A0A1S3HXF3|A0A1S3HXF3_LINUN	41.250	80	34	3	287	54	13	81	6.36e-10	55.1
T1_TRINITY_DN6433_c0_g1_i3	tr|A0A1S3IKC5|A0A1S3IKC5_LINUN	64.356	202	72	0	1066	461	1	202	6.11e-92	274
T1_TRINITY_DN97506_c0_g1_i2	tr|A0A1S3HSP1|A0A1S3HSP1_LINUN	80.392	102	18	1	7	312	1	100	8.70e-51	160
T2_TRINITY_DN43048_c0_g1_i7	tr|A0A1S3HW34|A0A1S3HW34_LINUN	45.833	72	34	1	222	22	566	637	1.84e-13	63.9
T2_TRINITY_DN66316_c0_g1_i1	tr|A0A1S3J7P1|A0A1S3J7P1_LINUN	50.000	86	43	0	258	1	1168	1253	2.30e-25	98.2
T2_TRINITY_DN66316_c0_g1_i2	tr|A0A1S3J7P1|A0A1S3J7P1_LINUN	46.377	69	37	0	207	1	1185	1253	1.52e-17	76.3
T1_TRINITY_DN59933_c0_g1_i2	tr|A0A1S3JJ54|A0A1S3JJ54_LINUN	72.727	88	24	0	1	264	173	260	2.88e-43	143
T2_TRINITY_DN95977_c0_g1_i4	tr|A0A1S3JS98|A0A1S3JS98_LINUN	35.338	133	81	3	616	224	41	170	5.14e-17	76.3
T2_TRINITY_DN163203_c0_g2_i1	tr|A0A1S3H066|A0A1S3H066_LINUN	69.307	101	31	0	357	55	193	293	5.60e-44	150
T2_TRINITY_DN154691_c0_g1_i1	tr|A0A1S3JAJ7|A0A1S3JAJ7_LINUN	48.101	79	34	3	1	219	130	207	4.19e-15	67.8
T1_TRINITY_DN117273_c1_g1_i1	tr|A0A1S3IPJ6|A0A1S3IPJ6_LINUN	68.675	83	26	0	251	3	220	302	7.61e-35	122
T1_TRINITY_DN61095_c0_g1_i1	tr|A0A1S3K883|A0A1S3K883_LINUN	49.711	173	78	3	23	541	129	292	6.76e-36	132
T1_TRINITY_DN61095_c0_g1_i2	tr|A0A1S3K883|A0A1S3K883_LINUN	56.311	103	41	1	23	331	129	227	4.33e-24	96.3
T1_TRINITY_DN61095_c0_g1_i3	tr|A0A1S3K883|A0A1S3K883_LINUN	43.529	85	43	2	48	302	213	292	2.18e-11	59.7
T1_TRINITY_DN142834_c1_g1_i1	tr|A0A1S3I674|A0A1S3I674_LINUN	50.575	87	34	2	11	253	1111	1194	6.07e-21	85.5
T1_TRINITY_DN73433_c3_g3_i1	tr|A0A1S3ISI5|A0A1S3ISI5_LINUN	43.590	78	44	0	27	260	19	96	2.38e-15	70.1
