T2_TRINITY_DN6213_c7_g1_i3	tr|A0AAE0S0H5|A0AAE0S0H5_9BIVA	26.154	130	92	1	569	946	25	154	1.72e-11	62.8
T1_TRINITY_DN61405_c0_g1_i2	tr|A0AAE0T159|A0AAE0T159_9BIVA	74.157	89	23	0	6	272	151	239	4.37e-41	142
T2_TRINITY_DN541_c3_g1_i2	tr|A0AAE0SK93|A0AAE0SK93_9BIVA	70.040	247	64	3	152	871	11	254	2.05e-118	349
T1_TRINITY_DN87848_c0_g2_i8	tr|A0AAE0STP4|A0AAE0STP4_9BIVA	40.000	85	47	2	2	244	133	217	1.23e-12	61.2
T1_TRINITY_DN22750_c0_g1_i12	tr|A0AAE0VXC2|A0AAE0VXC2_9BIVA	74.468	235	60	0	223	927	29	263	6.18e-126	370
T1_TRINITY_DN14726_c1_g1_i1	tr|A0AAE0W4V7|A0AAE0W4V7_9BIVA	77.528	89	20	0	2	268	345	433	4.42e-40	142
T1_TRINITY_DN112627_c0_g1_i5	tr|A0AAE0SG97|A0AAE0SG97_9BIVA	40.952	105	56	3	373	62	1013	1112	2.85e-15	73.2
T1_TRINITY_DN197892_c0_g1_i1	tr|A0AAE0TD23|A0AAE0TD23_9BIVA	73.469	49	13	0	573	427	107	155	1.60e-19	81.3
T1_TRINITY_DN20596_c1_g1_i2	tr|A0AAE0WBF1|A0AAE0WBF1_9BIVA	75.000	112	28	0	2	337	44	155	1.23e-56	177
T2_TRINITY_DN141067_c0_g1_i1	tr|A0AAE0TDR7|A0AAE0TDR7_9BIVA	72.477	109	29	1	382	56	22	129	5.33e-49	154
T2_TRINITY_DN3833_c0_g1_i10	tr|A0AAE0RNJ2|A0AAE0RNJ2_9BIVA	22.794	272	204	1	1	798	206	477	7.51e-19	90.1
T2_TRINITY_DN3833_c0_g1_i10	tr|A0AAE0RNJ2|A0AAE0RNJ2_9BIVA	23.103	290	215	2	1	846	158	447	9.56e-19	90.1
T2_TRINITY_DN3833_c0_g1_i10	tr|A0AAE0RNJ2|A0AAE0RNJ2_9BIVA	23.673	245	179	2	136	846	155	399	1.72e-13	73.6
T2_TRINITY_DN738_c0_g1_i13	tr|A0AAE0STP4|A0AAE0STP4_9BIVA	41.964	112	54	2	113	433	54	159	1.55e-21	87.4
T2_TRINITY_DN59884_c0_g1_i1	tr|A0AAE0S1N1|A0AAE0S1N1_9BIVA	87.013	77	10	0	297	67	76	152	6.95e-41	142
T1_TRINITY_DN23111_c0_g1_i7	tr|A0AAE0S5U9|A0AAE0S5U9_9BIVA	45.134	1901	926	36	7576	1988	3811	5632	0.0	1565
T1_TRINITY_DN88725_c0_g1_i5	tr|A0AAE0W8M9|A0AAE0W8M9_9BIVA	64.463	121	43	0	2	364	24	144	1.06e-50	170
T1_TRINITY_DN1759_c0_g1_i1	tr|A0AAE0S569|A0AAE0S569_9BIVA	38.462	104	53	3	1686	1396	60	159	3.31e-10	63.9
T2_TRINITY_DN4326_c0_g1_i15	tr|A0AAE0S569|A0AAE0S569_9BIVA	38.462	104	53	3	377	87	60	159	5.00e-14	69.7
T2_TRINITY_DN75274_c0_g2_i1	tr|A0AAE0VWJ0|A0AAE0VWJ0_9BIVA	87.037	54	7	0	3	164	1423	1476	1.25e-24	95.1
T1_TRINITY_DN119035_c0_g1_i5	tr|A0AAE0RY94|A0AAE0RY94_9BIVA	53.191	47	20	1	302	162	940	984	8.36e-13	63.9
T2_TRINITY_DN13977_c0_g1_i1	tr|A0AAE0W6D7|A0AAE0W6D7_9BIVA	71.053	38	11	0	167	54	29	66	1.53e-12	62.8
T2_TRINITY_DN13977_c0_g1_i6	tr|A0AAE0W6D7|A0AAE0W6D7_9BIVA	71.053	38	11	0	167	54	29	66	1.07e-12	62.8
T1_TRINITY_DN6433_c0_g1_i3	tr|A0AAE0WG66|A0AAE0WG66_9BIVA	77.723	202	45	0	1066	461	1	202	1.57e-115	334
T1_TRINITY_DN97506_c0_g1_i2	tr|A0AAE0SS23|A0AAE0SS23_9BIVA	81.373	102	17	1	7	312	1	100	4.06e-52	163
T2_TRINITY_DN43048_c0_g1_i7	tr|A0AAE0W6D7|A0AAE0W6D7_9BIVA	45.946	74	36	1	231	22	552	625	4.26e-17	73.9
T2_TRINITY_DN81960_c0_g1_i1	tr|A0AAE0RWG3|A0AAE0RWG3_9BIVA	40.449	89	44	3	273	34	178	266	1.43e-11	60.8
T2_TRINITY_DN66316_c0_g1_i1	tr|A0AAE0VT87|A0AAE0VT87_9BIVA	51.064	47	23	0	246	106	1119	1165	3.35e-10	54.7
T1_TRINITY_DN59933_c0_g1_i2	tr|A0AAE0SQK7|A0AAE0SQK7_9BIVA	89.773	88	9	0	1	264	173	260	1.12e-52	167
T2_TRINITY_DN95977_c0_g1_i4	tr|A0AAE0RW81|A0AAE0RW81_9BIVA	44.275	131	72	1	622	230	329	458	2.42e-29	113
T2_TRINITY_DN163203_c0_g2_i1	tr|A0AAE0T558|A0AAE0T558_9BIVA	81.188	101	18	1	357	55	214	313	4.87e-51	169
T2_TRINITY_DN154691_c0_g1_i1	tr|A0AAE0TCW3|A0AAE0TCW3_9BIVA	53.425	73	34	0	1	219	131	203	5.20e-26	96.3
T1_TRINITY_DN117273_c1_g1_i1	tr|A0AAE0SKK7|A0AAE0SKK7_9BIVA	69.880	83	25	0	251	3	1258	1340	4.83e-35	125
T2_TRINITY_DN151032_c1_g1_i1	tr|A0AAE0SSQ4|A0AAE0SSQ4_9BIVA	54.839	62	28	0	200	15	196	257	1.35e-16	72.0
T1_TRINITY_DN13312_c1_g1_i10	tr|A0AAE0W1V5|A0AAE0W1V5_9BIVA	25.628	199	131	5	538	1095	224	418	9.23e-12	66.6
T1_TRINITY_DN61095_c0_g1_i1	tr|A0AAE0W1E5|A0AAE0W1E5_9BIVA	68.889	180	55	1	2	541	155	333	1.01e-59	198
T1_TRINITY_DN61095_c0_g1_i2	tr|A0AAE0W1E5|A0AAE0W1E5_9BIVA	61.818	110	42	0	2	331	155	264	5.86e-36	129
T1_TRINITY_DN61095_c0_g1_i3	tr|A0AAE0W1E5|A0AAE0W1E5_9BIVA	81.176	85	15	1	48	302	250	333	1.59e-24	97.1
T1_TRINITY_DN142834_c1_g1_i1	tr|A0AAE0SG20|A0AAE0SG20_9BIVA	52.273	88	33	2	8	253	543	627	3.03e-24	94.7
T1_TRINITY_DN73433_c3_g3_i1	tr|A0AAE0VYD4|A0AAE0VYD4_9BIVA	70.732	82	24	0	18	263	321	402	2.16e-33	121
