T2_TRINITY_DN6213_c7_g1_i3	tr|V4AHL9|V4AHL9_LOTGI	32.031	128	81	5	569	946	168	291	1.59e-15	78.6
T2_TRINITY_DN6213_c7_g1_i3	tr|V4AHL9|V4AHL9_LOTGI	28.226	124	86	3	596	964	26	147	1.17e-12	69.7
T1_TRINITY_DN61405_c0_g1_i2	tr|V4B5T7|V4B5T7_LOTGI	68.539	89	28	0	6	272	143	231	6.18e-38	132
T2_TRINITY_DN541_c3_g1_i2	tr|V4A1U8|V4A1U8_LOTGI	67.769	242	70	1	170	871	2	243	1.15e-108	323
T1_TRINITY_DN22750_c0_g1_i12	tr|V4AF59|V4AF59_LOTGI	73.894	226	59	0	241	918	1	226	2.24e-118	348
T1_TRINITY_DN14726_c1_g1_i1	tr|V3YXF9|V3YXF9_LOTGI	64.045	89	32	0	2	268	343	431	2.07e-32	120
T1_TRINITY_DN197892_c0_g1_i1	tr|V4AR34|V4AR34_LOTGI	56.250	48	21	0	573	430	103	150	1.09e-13	65.1
T1_TRINITY_DN20596_c1_g1_i2	tr|V3ZE78|V3ZE78_LOTGI	58.929	112	46	0	2	337	44	155	7.16e-43	141
T2_TRINITY_DN141067_c0_g1_i1	tr|V3ZPT6|V3ZPT6_LOTGI	52.778	108	51	0	382	59	27	134	3.01e-33	113
T2_TRINITY_DN59884_c0_g1_i1	tr|V4B7V8|V4B7V8_LOTGI	88.312	77	9	0	297	67	76	152	1.60e-42	147
T1_TRINITY_DN23111_c0_g1_i7	tr|V4AHP0|V4AHP0_LOTGI	31.523	1897	1125	51	7576	2042	2421	4195	0.0	870
T1_TRINITY_DN88725_c0_g1_i5	tr|V4B8T8|V4B8T8_LOTGI	52.500	120	56	1	5	361	30	149	7.71e-40	139
T2_TRINITY_DN75274_c0_g2_i1	tr|V3ZCR7|V3ZCR7_LOTGI	83.333	42	7	0	3	128	198	239	1.96e-15	68.2
T2_TRINITY_DN13977_c0_g1_i1	tr|V4AKV3|V4AKV3_LOTGI	58.140	43	17	1	179	54	25	67	4.06e-10	55.1
T2_TRINITY_DN13977_c0_g1_i6	tr|V4AKV3|V4AKV3_LOTGI	61.538	39	14	1	167	54	29	67	8.66e-10	53.5
T1_TRINITY_DN6433_c0_g1_i3	tr|V4A6T2|V4A6T2_LOTGI	70.297	202	60	0	1066	461	1	202	5.38e-103	301
T1_TRINITY_DN97506_c0_g1_i2	tr|V4ADY3|V4ADY3_LOTGI	84.375	96	13	1	7	294	1	94	3.59e-51	160
T2_TRINITY_DN66316_c0_g1_i1	tr|V3ZI29|V3ZI29_LOTGI	44.898	49	27	0	249	103	479	527	2.04e-10	54.7
T1_TRINITY_DN59933_c0_g1_i2	tr|V4B982|V4B982_LOTGI	76.136	88	21	0	1	264	173	260	5.17e-45	147
T2_TRINITY_DN95977_c0_g1_i4	tr|V4AA35|V4AA35_LOTGI	34.375	128	77	2	616	242	310	433	4.50e-19	84.0
T2_TRINITY_DN163203_c0_g2_i1	tr|V3ZK66|V3ZK66_LOTGI	77.228	101	22	1	357	55	67	166	4.47e-49	160
T1_TRINITY_DN117273_c1_g1_i1	tr|V4BW02|V4BW02_LOTGI	63.855	83	30	0	251	3	788	870	3.76e-33	119
T1_TRINITY_DN61095_c0_g1_i1	tr|V4AT46|V4AT46_LOTGI	54.737	95	35	2	2	262	135	229	9.38e-15	71.2
T1_TRINITY_DN61095_c0_g1_i2	tr|V4AT46|V4AT46_LOTGI	54.737	95	35	2	2	262	135	229	6.96e-16	72.0
T1_TRINITY_DN142834_c1_g1_i1	tr|V4CSF2|V4CSF2_LOTGI	48.315	89	37	2	5	253	61	146	3.76e-22	87.0
T1_TRINITY_DN73433_c3_g3_i1	tr|V4AMP5|V4AMP5_LOTGI	59.756	82	33	0	18	263	11	92	4.62e-27	102
