T1_TRINITY_DN65510_c2_g1_i1	tr|A0A9D4HFI4|A0A9D4HFI4_DREPO	58.462	65	27	0	12	206	1296	1360	4.44e-11	57.4
T2_TRINITY_DN6213_c7_g1_i3	tr|A0A9D4BY21|A0A9D4BY21_DREPO	35.878	131	84	0	551	943	25	155	1.27e-26	107
T1_TRINITY_DN61405_c0_g1_i2	tr|A0A9D4MKJ5|A0A9D4MKJ5_DREPO	76.667	90	21	0	3	272	157	246	1.87e-45	155
T2_TRINITY_DN541_c3_g1_i2	tr|A0A9D4H4W5|A0A9D4H4W5_DREPO	83.691	233	38	0	173	871	2	234	4.49e-131	382
T1_TRINITY_DN22750_c0_g1_i12	tr|A0A9D4L541|A0A9D4L541_DREPO	79.828	233	46	1	241	936	1	233	1.42e-131	384
T1_TRINITY_DN14726_c1_g1_i1	tr|A0A9D3Y3L3|A0A9D3Y3L3_DREPO	73.034	89	24	0	2	268	345	433	3.79e-38	138
T1_TRINITY_DN112627_c0_g1_i5	tr|A0A9D4IK56|A0A9D4IK56_DREPO	44.079	152	80	3	490	41	911	1059	5.95e-34	127
T1_TRINITY_DN197892_c0_g1_i1	tr|A0A9D4JBG8|A0A9D4JBG8_DREPO	87.500	48	6	0	573	430	107	154	1.73e-21	87.0
T1_TRINITY_DN20596_c1_g1_i2	tr|A0A9D4JBG8|A0A9D4JBG8_DREPO	83.036	112	19	0	2	337	44	155	2.24e-63	195
T2_TRINITY_DN141067_c0_g1_i1	tr|A0A9D4DZ23|A0A9D4DZ23_DREPO	72.727	110	30	0	385	56	20	129	1.90e-52	163
T2_TRINITY_DN3833_c0_g1_i10	tr|A0A9D4K4U3|A0A9D4K4U3_DREPO	31.977	172	99	3	874	1335	641	812	1.03e-11	69.7
T2_TRINITY_DN738_c0_g1_i13	tr|A0A9D4BFE8|A0A9D4BFE8_DREPO	50.495	101	46	2	92	385	4	103	5.33e-24	96.7
T2_TRINITY_DN59884_c0_g1_i1	tr|A0A9D4RML8|A0A9D4RML8_DREPO	88.312	77	9	0	297	67	100	176	5.11e-42	147
T1_TRINITY_DN23111_c0_g1_i7	tr|A0A9D4CN62|A0A9D4CN62_DREPO	42.698	1890	979	28	7576	1991	2015	3828	0.0	1539
T1_TRINITY_DN88725_c0_g1_i5	tr|A0A9D4MWN9|A0A9D4MWN9_DREPO	68.333	120	38	0	2	361	25	144	1.16e-54	182
T1_TRINITY_DN1759_c0_g1_i1	tr|A0A9D4CQC8|A0A9D4CQC8_DREPO	43.878	98	48	3	1686	1393	1	91	4.78e-15	72.4
T2_TRINITY_DN4326_c0_g1_i15	tr|A0A9D4CQC8|A0A9D4CQC8_DREPO	43.878	98	48	3	377	84	1	91	3.38e-16	71.6
T2_TRINITY_DN75274_c0_g2_i1	tr|A0A9D4ENH0|A0A9D4ENH0_DREPO	80.357	56	11	0	3	170	431	486	9.26e-24	93.6
T1_TRINITY_DN119035_c0_g1_i2	tr|A0A9D4IK56|A0A9D4IK56_DREPO	49.123	57	20	2	185	18	1042	1090	2.36e-10	55.8
T1_TRINITY_DN119035_c0_g1_i5	tr|A0A9D4IK56|A0A9D4IK56_DREPO	49.533	107	43	3	329	18	992	1090	1.06e-26	104
T2_TRINITY_DN13977_c0_g1_i1	tr|A0A9D4JLR3|A0A9D4JLR3_DREPO	44.118	68	35	1	257	54	5	69	2.74e-11	60.1
T2_TRINITY_DN13977_c0_g1_i6	tr|A0A9D4NA31|A0A9D4NA31_DREPO	40.299	67	40	0	254	54	12	78	2.29e-11	59.7
T1_TRINITY_DN208595_c0_g1_i2	tr|A0A9D4BUM9|A0A9D4BUM9_DREPO	57.798	109	39	4	1	309	353	460	1.81e-18	80.1
T2_TRINITY_DN148935_c0_g1_i1	tr|A0A9D4BUM9|A0A9D4BUM9_DREPO	61.842	76	26	2	283	62	354	428	6.49e-12	61.2
T1_TRINITY_DN6433_c0_g1_i3	tr|A0A9D3YH45|A0A9D3YH45_DREPO	87.129	202	26	0	1066	461	1	202	1.51e-128	368
T1_TRINITY_DN97506_c0_g1_i2	tr|A0A9D3Z5F4|A0A9D3Z5F4_DREPO	83.333	102	15	1	7	312	1	100	3.26e-52	165
T2_TRINITY_DN55703_c0_g1_i1	tr|A0A9D4GV54|A0A9D4GV54_DREPO	47.561	82	41	2	267	22	766	845	1.18e-18	80.1
T2_TRINITY_DN81960_c0_g1_i1	tr|A0A9D4IHU9|A0A9D4IHU9_DREPO	40.000	85	42	2	270	43	25	109	5.22e-10	56.6
T2_TRINITY_DN66316_c0_g1_i1	tr|A0A9D4LIS4|A0A9D4LIS4_DREPO	76.744	86	20	0	258	1	674	759	2.30e-41	144
T2_TRINITY_DN66316_c0_g1_i2	tr|A0A9D4LIS4|A0A9D4LIS4_DREPO	74.627	67	17	0	201	1	693	759	5.99e-29	109
T1_TRINITY_DN59933_c0_g1_i2	tr|A0A9D4LUG0|A0A9D4LUG0_DREPO	93.182	88	6	0	1	264	173	260	6.85e-54	171
T2_TRINITY_DN95977_c0_g1_i4	tr|A0A9D4GLJ2|A0A9D4GLJ2_DREPO	36.986	146	84	3	607	188	22	165	9.00e-26	99.8
T2_TRINITY_DN163203_c0_g2_i1	tr|A0A9D4H017|A0A9D4H017_DREPO	85.149	101	15	0	357	55	165	265	8.69e-55	179
T2_TRINITY_DN197653_c0_g1_i1	tr|A0A9D3YZW8|A0A9D3YZW8_DREPO	85.294	34	4	1	2	100	510	543	1.39e-12	62.0
T2_TRINITY_DN154691_c0_g1_i1	tr|A0A9D3YMB7|A0A9D3YMB7_DREPO	64.865	74	26	0	1	222	131	204	9.49e-30	107
T2_TRINITY_DN80894_c0_g1_i4	tr|A0A9D4D222|A0A9D4D222_DREPO	50.000	96	41	3	72	353	215	305	2.69e-17	76.6
T2_TRINITY_DN80894_c0_g1_i4	tr|A0A9D4D222|A0A9D4D222_DREPO	44.828	87	39	2	72	305	67	153	5.98e-10	56.2
T2_TRINITY_DN3861_c0_g3_i1	tr|A0A9D4F1E7|A0A9D4F1E7_DREPO	44.231	52	29	0	7	162	152	203	9.34e-10	45.4
T2_TRINITY_DN3861_c0_g3_i1	tr|A0A9D4F1E7|A0A9D4F1E7_DREPO	52.941	34	16	0	165	266	205	238	9.34e-10	34.3
T2_TRINITY_DN151032_c1_g1_i1	tr|A0A9D4L3V6|A0A9D4L3V6_DREPO	70.312	64	19	0	206	15	195	258	2.58e-24	95.1
T2_TRINITY_DN9707_c2_g1_i1	tr|A0A9D4GJW2|A0A9D4GJW2_DREPO	67.213	61	20	0	513	331	3	63	3.05e-18	76.6
T1_TRINITY_DN58987_c0_g1_i1	tr|A0A9D4D684|A0A9D4D684_DREPO	43.056	72	31	2	2	208	128	192	1.53e-12	61.6
T1_TRINITY_DN61095_c0_g1_i1	tr|A0A9D4DC65|A0A9D4DC65_DREPO	76.923	182	37	2	2	538	122	301	3.25e-70	226
T1_TRINITY_DN61095_c0_g1_i2	tr|A0A9D4DC65|A0A9D4DC65_DREPO	75.455	110	25	1	2	331	122	229	8.45e-42	147
T1_TRINITY_DN61095_c0_g1_i3	tr|A0A9D4DC65|A0A9D4DC65_DREPO	81.609	87	13	1	48	299	215	301	4.71e-30	113
T1_TRINITY_DN3073_c4_g3_i1	tr|A0A9D4S1Z9|A0A9D4S1Z9_DREPO	53.226	62	21	1	360	175	143	196	1.87e-10	45.1
T1_TRINITY_DN3073_c4_g3_i1	tr|A0A9D4S1Z9|A0A9D4S1Z9_DREPO	38.182	55	18	2	488	342	104	148	1.87e-10	28.9
T1_TRINITY_DN3073_c4_g3_i1	tr|A0A9D4S1Z9|A0A9D4S1Z9_DREPO	40.000	40	24	0	155	36	203	242	1.87e-10	28.5
T2_TRINITY_DN51568_c0_g1_i1	tr|A0A9D4E7P6|A0A9D4E7P6_DREPO	44.330	97	44	4	276	557	376	465	1.34e-10	60.8
T1_TRINITY_DN142834_c1_g1_i1	tr|A0A9D4HAC9|A0A9D4HAC9_DREPO	52.326	86	39	1	2	253	25	110	5.78e-26	96.3
T1_TRINITY_DN61003_c0_g2_i1	tr|A0A9D4BWL6|A0A9D4BWL6_DREPO	50.000	64	32	0	197	6	973	1036	5.00e-14	65.9
T1_TRINITY_DN2_c4198_g1_i1	tr|A0A9D4FW69|A0A9D4FW69_DREPO	44.595	74	41	0	222	1	11	84	3.97e-16	72.4
T1_TRINITY_DN73433_c3_g3_i1	tr|A0A9D4R9Q9|A0A9D4R9Q9_DREPO	68.675	83	26	0	15	263	150	232	7.32e-31	115
